Top 20 Sort By Count
Count   Total     Mean   Stddev     Min   P50.0   P90.0   P95.0   P99.0     Max  2xx  3xx  4xx  5xx  TotalBytes   MinBytes  MeanBytes   MaxBytes  Request
  226  67.990   0.3008   0.0469   0.173   0.303   0.364   0.375   0.391   0.427  224    0    2    0     2415688          0      10688      20602  POST /api/playlist/{id}/favorite
  212  61.243   0.2889   0.0522   0.088   0.290   0.350   0.367   0.413   0.444  207    0    5    0     1998620          0       9427      20447  GET /api/playlist/{id}
   41   1.052   0.0257   0.0513   0.005   0.009   0.029   0.151   0.254   0.254   22    0   19    0        2432         38         59         84  POST /api/login HTTP/1.1
   32  22.303   0.6970   0.1179   0.524   0.698   0.838   0.935   0.972   0.972   32    0    0    0     1266899      39552      39590      39603  GET /api/recent_playlists HTTP/1.1
   29  36.565   1.2609   0.3966   0.006   1.337   1.644   1.653   1.803   1.803   26    0    3    0       30988          0       1068      17504  GET /api/playlists HTTP/1.1
   10   5.411   0.5411   1.6076   0.004   0.005   5.364   5.364   5.364   5.364   10    0    0    0         870         87         87         87  POST /api/playlist/add HTTP/1.1
    9  58.114   6.4571   5.6878   0.028   4.468  15.000  15.000  15.000  15.000    6    0    3    0       38644          0       4293      16874  POST /api/playlist/{id}/update
    8  11.364   1.4205   0.1817   1.143   1.517   1.673   1.673   1.673   1.673    8    0    0    0      318104      39731      39763      39779  GET /api/popular_playlists HTTP/1.1
    2   0.291   0.1455   0.0025   0.143   0.148   0.148   0.148   0.148   0.148    2    0    0    0          76         38         38         38  POST /api/signup HTTP/1.1
    2   0.011   0.0055   0.0005   0.005   0.006   0.006   0.006   0.006   0.006    2    0    0    0         411        205        205        206  POST /api/admin/user/ban HTTP/1.1
    1   0.004   0.0040   0.0000   0.004   0.004   0.004   0.004   0.004   0.004    1    0    0    0          38         38         38         38  POST /api/logout HTTP/1.1
    1  13.969  13.9690   0.0000  13.969  13.969  13.969  13.969  13.969  13.969    1    0    0    0          38         38         38         38  POST /initialize HTTP/1.1
    1   0.314   0.3140   0.0000   0.314   0.314   0.314   0.314   0.314   0.314    1    0    0    0          38         38         38         38  POST /api/playlist/{id}/delete
    1   0.001   0.0010   0.0000   0.001   0.001   0.001   0.001   0.001   0.001    1    0    0    0        1165       1165       1165       1165  GET / HTTP/1.1

Top 20 Sort By Total
Count   Total     Mean   Stddev     Min   P50.0   P90.0   P95.0   P99.0     Max  2xx  3xx  4xx  5xx  TotalBytes   MinBytes  MeanBytes   MaxBytes  Request
  226  67.990   0.3008   0.0469   0.173   0.303   0.364   0.375   0.391   0.427  224    0    2    0     2415688          0      10688      20602  POST /api/playlist/{id}/favorite
  212  61.243   0.2889   0.0522   0.088   0.290   0.350   0.367   0.413   0.444  207    0    5    0     1998620          0       9427      20447  GET /api/playlist/{id}
    9  58.114   6.4571   5.6878   0.028   4.468  15.000  15.000  15.000  15.000    6    0    3    0       38644          0       4293      16874  POST /api/playlist/{id}/update
   29  36.565   1.2609   0.3966   0.006   1.337   1.644   1.653   1.803   1.803   26    0    3    0       30988          0       1068      17504  GET /api/playlists HTTP/1.1
   32  22.303   0.6970   0.1179   0.524   0.698   0.838   0.935   0.972   0.972   32    0    0    0     1266899      39552      39590      39603  GET /api/recent_playlists HTTP/1.1
    1  13.969  13.9690   0.0000  13.969  13.969  13.969  13.969  13.969  13.969    1    0    0    0          38         38         38         38  POST /initialize HTTP/1.1
    8  11.364   1.4205   0.1817   1.143   1.517   1.673   1.673   1.673   1.673    8    0    0    0      318104      39731      39763      39779  GET /api/popular_playlists HTTP/1.1
   10   5.411   0.5411   1.6076   0.004   0.005   5.364   5.364   5.364   5.364   10    0    0    0         870         87         87         87  POST /api/playlist/add HTTP/1.1
   41   1.052   0.0257   0.0513   0.005   0.009   0.029   0.151   0.254   0.254   22    0   19    0        2432         38         59         84  POST /api/login HTTP/1.1
    1   0.314   0.3140   0.0000   0.314   0.314   0.314   0.314   0.314   0.314    1    0    0    0          38         38         38         38  POST /api/playlist/{id}/delete
    2   0.291   0.1455   0.0025   0.143   0.148   0.148   0.148   0.148   0.148    2    0    0    0          76         38         38         38  POST /api/signup HTTP/1.1
    2   0.011   0.0055   0.0005   0.005   0.006   0.006   0.006   0.006   0.006    2    0    0    0         411        205        205        206  POST /api/admin/user/ban HTTP/1.1
    1   0.004   0.0040   0.0000   0.004   0.004   0.004   0.004   0.004   0.004    1    0    0    0          38         38         38         38  POST /api/logout HTTP/1.1
    1   0.001   0.0010   0.0000   0.001   0.001   0.001   0.001   0.001   0.001    1    0    0    0        1165       1165       1165       1165  GET / HTTP/1.1

Top 20 Sort By Mean
Count   Total     Mean   Stddev     Min   P50.0   P90.0   P95.0   P99.0     Max  2xx  3xx  4xx  5xx  TotalBytes   MinBytes  MeanBytes   MaxBytes  Request
    1  13.969  13.9690   0.0000  13.969  13.969  13.969  13.969  13.969  13.969    1    0    0    0          38         38         38         38  POST /initialize HTTP/1.1
    9  58.114   6.4571   5.6878   0.028   4.468  15.000  15.000  15.000  15.000    6    0    3    0       38644          0       4293      16874  POST /api/playlist/{id}/update
    8  11.364   1.4205   0.1817   1.143   1.517   1.673   1.673   1.673   1.673    8    0    0    0      318104      39731      39763      39779  GET /api/popular_playlists HTTP/1.1
   29  36.565   1.2609   0.3966   0.006   1.337   1.644   1.653   1.803   1.803   26    0    3    0       30988          0       1068      17504  GET /api/playlists HTTP/1.1
   32  22.303   0.6970   0.1179   0.524   0.698   0.838   0.935   0.972   0.972   32    0    0    0     1266899      39552      39590      39603  GET /api/recent_playlists HTTP/1.1
   10   5.411   0.5411   1.6076   0.004   0.005   5.364   5.364   5.364   5.364   10    0    0    0         870         87         87         87  POST /api/playlist/add HTTP/1.1
    1   0.314   0.3140   0.0000   0.314   0.314   0.314   0.314   0.314   0.314    1    0    0    0          38         38         38         38  POST /api/playlist/{id}/delete
  226  67.990   0.3008   0.0469   0.173   0.303   0.364   0.375   0.391   0.427  224    0    2    0     2415688          0      10688      20602  POST /api/playlist/{id}/favorite
  212  61.243   0.2889   0.0522   0.088   0.290   0.350   0.367   0.413   0.444  207    0    5    0     1998620          0       9427      20447  GET /api/playlist/{id}
    2   0.291   0.1455   0.0025   0.143   0.148   0.148   0.148   0.148   0.148    2    0    0    0          76         38         38         38  POST /api/signup HTTP/1.1
   41   1.052   0.0257   0.0513   0.005   0.009   0.029   0.151   0.254   0.254   22    0   19    0        2432         38         59         84  POST /api/login HTTP/1.1
    2   0.011   0.0055   0.0005   0.005   0.006   0.006   0.006   0.006   0.006    2    0    0    0         411        205        205        206  POST /api/admin/user/ban HTTP/1.1
    1   0.004   0.0040   0.0000   0.004   0.004   0.004   0.004   0.004   0.004    1    0    0    0          38         38         38         38  POST /api/logout HTTP/1.1
    1   0.001   0.0010   0.0000   0.001   0.001   0.001   0.001   0.001   0.001    1    0    0    0        1165       1165       1165       1165  GET / HTTP/1.1

Top 20 Sort By Standard Deviation
Count   Total     Mean   Stddev     Min   P50.0   P90.0   P95.0   P99.0     Max  2xx  3xx  4xx  5xx  TotalBytes   MinBytes  MeanBytes   MaxBytes  Request
    9  58.114   6.4571   5.6878   0.028   4.468  15.000  15.000  15.000  15.000    6    0    3    0       38644          0       4293      16874  POST /api/playlist/{id}/update
   10   5.411   0.5411   1.6076   0.004   0.005   5.364   5.364   5.364   5.364   10    0    0    0         870         87         87         87  POST /api/playlist/add HTTP/1.1
   29  36.565   1.2609   0.3966   0.006   1.337   1.644   1.653   1.803   1.803   26    0    3    0       30988          0       1068      17504  GET /api/playlists HTTP/1.1
    8  11.364   1.4205   0.1817   1.143   1.517   1.673   1.673   1.673   1.673    8    0    0    0      318104      39731      39763      39779  GET /api/popular_playlists HTTP/1.1
   32  22.303   0.6970   0.1179   0.524   0.698   0.838   0.935   0.972   0.972   32    0    0    0     1266899      39552      39590      39603  GET /api/recent_playlists HTTP/1.1
  212  61.243   0.2889   0.0522   0.088   0.290   0.350   0.367   0.413   0.444  207    0    5    0     1998620          0       9427      20447  GET /api/playlist/{id}
   41   1.052   0.0257   0.0513   0.005   0.009   0.029   0.151   0.254   0.254   22    0   19    0        2432         38         59         84  POST /api/login HTTP/1.1
  226  67.990   0.3008   0.0469   0.173   0.303   0.364   0.375   0.391   0.427  224    0    2    0     2415688          0      10688      20602  POST /api/playlist/{id}/favorite
    2   0.291   0.1455   0.0025   0.143   0.148   0.148   0.148   0.148   0.148    2    0    0    0          76         38         38         38  POST /api/signup HTTP/1.1
    2   0.011   0.0055   0.0005   0.005   0.006   0.006   0.006   0.006   0.006    2    0    0    0         411        205        205        206  POST /api/admin/user/ban HTTP/1.1
    1  13.969  13.9690   0.0000  13.969  13.969  13.969  13.969  13.969  13.969    1    0    0    0          38         38         38         38  POST /initialize HTTP/1.1
    1   0.314   0.3140   0.0000   0.314   0.314   0.314   0.314   0.314   0.314    1    0    0    0          38         38         38         38  POST /api/playlist/{id}/delete
    1   0.004   0.0040   0.0000   0.004   0.004   0.004   0.004   0.004   0.004    1    0    0    0          38         38         38         38  POST /api/logout HTTP/1.1
    1   0.001   0.0010   0.0000   0.001   0.001   0.001   0.001   0.001   0.001    1    0    0    0        1165       1165       1165       1165  GET / HTTP/1.1

Top 20 Sort By Maximum(100 Percentile)
Count   Total     Mean   Stddev     Min   P50.0   P90.0   P95.0   P99.0     Max  2xx  3xx  4xx  5xx  TotalBytes   MinBytes  MeanBytes   MaxBytes  Request
    9  58.114   6.4571   5.6878   0.028   4.468  15.000  15.000  15.000  15.000    6    0    3    0       38644          0       4293      16874  POST /api/playlist/{id}/update
    1  13.969  13.9690   0.0000  13.969  13.969  13.969  13.969  13.969  13.969    1    0    0    0          38         38         38         38  POST /initialize HTTP/1.1
   10   5.411   0.5411   1.6076   0.004   0.005   5.364   5.364   5.364   5.364   10    0    0    0         870         87         87         87  POST /api/playlist/add HTTP/1.1
   29  36.565   1.2609   0.3966   0.006   1.337   1.644   1.653   1.803   1.803   26    0    3    0       30988          0       1068      17504  GET /api/playlists HTTP/1.1
    8  11.364   1.4205   0.1817   1.143   1.517   1.673   1.673   1.673   1.673    8    0    0    0      318104      39731      39763      39779  GET /api/popular_playlists HTTP/1.1
   32  22.303   0.6970   0.1179   0.524   0.698   0.838   0.935   0.972   0.972   32    0    0    0     1266899      39552      39590      39603  GET /api/recent_playlists HTTP/1.1
  212  61.243   0.2889   0.0522   0.088   0.290   0.350   0.367   0.413   0.444  207    0    5    0     1998620          0       9427      20447  GET /api/playlist/{id}
  226  67.990   0.3008   0.0469   0.173   0.303   0.364   0.375   0.391   0.427  224    0    2    0     2415688          0      10688      20602  POST /api/playlist/{id}/favorite
    1   0.314   0.3140   0.0000   0.314   0.314   0.314   0.314   0.314   0.314    1    0    0    0          38         38         38         38  POST /api/playlist/{id}/delete
   41   1.052   0.0257   0.0513   0.005   0.009   0.029   0.151   0.254   0.254   22    0   19    0        2432         38         59         84  POST /api/login HTTP/1.1
    2   0.291   0.1455   0.0025   0.143   0.148   0.148   0.148   0.148   0.148    2    0    0    0          76         38         38         38  POST /api/signup HTTP/1.1
    2   0.011   0.0055   0.0005   0.005   0.006   0.006   0.006   0.006   0.006    2    0    0    0         411        205        205        206  POST /api/admin/user/ban HTTP/1.1
    1   0.004   0.0040   0.0000   0.004   0.004   0.004   0.004   0.004   0.004    1    0    0    0          38         38         38         38  POST /api/logout HTTP/1.1
    1   0.001   0.0010   0.0000   0.001   0.001   0.001   0.001   0.001   0.001    1    0    0    0        1165       1165       1165       1165  GET / HTTP/1.1

TOP 37 Slow Requests
 1  15.000  POST /api/playlist/01G3SW2PW0Z7P15H642HZB2TTJ/update HTTP/1.1
 2  15.000  POST /api/playlist/01G3SW25B5KC34BXHK0NDF85ZS/update HTTP/1.1
 3  13.969  POST /initialize HTTP/1.1
 4  12.550  POST /api/playlist/01G3SW2GAW6394J2FPBWWMYQJ8/update HTTP/1.1
 5   5.364  POST /api/playlist/add HTTP/1.1
 6   4.525  POST /api/playlist/01G3SW1KN8BN50VZEQKFQC1X16/update HTTP/1.1
 7   4.468  POST /api/playlist/01G3SW259TSB6C6BSHC8TQFJ7Q/update HTTP/1.1
 8   3.592  POST /api/playlist/01G3SW1X0MJZ2XFXCP9FAQMBNC/update HTTP/1.1
 9   2.254  POST /api/playlist/01G3SW15X299JHMHXKSSRXQTY2/update HTTP/1.1
10   1.803  GET /api/playlists HTTP/1.1
11   1.673  GET /api/popular_playlists HTTP/1.1
12   1.653  GET /api/playlists HTTP/1.1
13   1.644  GET /api/playlists HTTP/1.1
14   1.615  GET /api/popular_playlists HTTP/1.1
15   1.537  GET /api/playlists HTTP/1.1
16   1.526  GET /api/playlists HTTP/1.1
17   1.524  GET /api/popular_playlists HTTP/1.1
18   1.519  GET /api/playlists HTTP/1.1
19   1.517  GET /api/popular_playlists HTTP/1.1
20   1.487  GET /api/playlists HTTP/1.1
21   1.468  GET /api/playlists HTTP/1.1
22   1.466  GET /api/playlists HTTP/1.1
23   1.458  GET /api/playlists HTTP/1.1
24   1.451  GET /api/playlists HTTP/1.1
25   1.436  GET /api/playlists HTTP/1.1
26   1.430  GET /api/playlists HTTP/1.1
27   1.422  GET /api/playlists HTTP/1.1
28   1.388  GET /api/popular_playlists HTTP/1.1
29   1.337  GET /api/playlists HTTP/1.1
30   1.327  GET /api/playlists HTTP/1.1
31   1.324  GET /api/playlists HTTP/1.1
32   1.314  GET /api/popular_playlists HTTP/1.1
33   1.282  GET /api/playlists HTTP/1.1
34   1.259  GET /api/playlists HTTP/1.1
35   1.233  GET /api/playlists HTTP/1.1
36   1.190  GET /api/popular_playlists HTTP/1.1
37   1.165  GET /api/playlists HTTP/1.1
