Top 20 Sort By Count
Count   Total     Mean   Stddev     Min   P50.0   P90.0   P95.0   P99.0     Max  2xx  3xx  4xx  5xx  TotalBytes   MinBytes  MeanBytes   MaxBytes  Request
  328  85.909   0.2619   0.0573   0.080   0.258   0.345   0.359   0.384   0.415  321    0    7    0     3163082          0       9643      20447  GET /api/playlist/{id}
  306  81.869   0.2675   0.0562   0.180   0.259   0.351   0.370   0.404   0.421  304    0    2    0     3064254          0      10013      20602  POST /api/playlist/{id}/favorite
   53  67.596   1.2754   0.3669   0.013   1.265   1.804   1.869   1.939   1.939   51    0    2    0      157885         68       2978      21465  GET /api/playlists HTTP/1.1
   51   1.236   0.0242   0.0449   0.006   0.010   0.033   0.136   0.259   0.259   32    0   19    0        2812         38         55         84  POST /api/login HTTP/1.1
   50  34.537   0.6907   0.1274   0.489   0.677   0.844   1.003   1.092   1.092   50    0    0    0     1980649      39552      39612      39676  GET /api/recent_playlists HTTP/1.1
   17  29.830   1.7547   0.8542   0.459   1.617   3.092   3.244   3.244   3.244   15    0    2    0      121743          0       7161      18539  POST /api/playlist/{id}/update
   17   2.646   0.1556   0.3360   0.005   0.006   0.878   1.201   1.201   1.201   17    0    0    0        1479         87         87         87  POST /api/playlist/add HTTP/1.1
    6   9.404   1.5673   0.2694   1.213   1.712   1.970   1.970   1.970   1.970    6    0    0    0      238618      39756      39769      39779  GET /api/popular_playlists HTTP/1.1
    2   0.023   0.0115   0.0045   0.007   0.016   0.016   0.016   0.016   0.016    2    0    0    0         387        193        193        194  POST /api/admin/user/ban HTTP/1.1
    2   0.291   0.1455   0.0035   0.142   0.149   0.149   0.149   0.149   0.149    2    0    0    0          76         38         38         38  POST /api/signup HTTP/1.1
    1   0.305   0.3050   0.0000   0.305   0.305   0.305   0.305   0.305   0.305    1    0    0    0          38         38         38         38  POST /api/playlist/{id}/delete
    1   0.002   0.0020   0.0000   0.002   0.002   0.002   0.002   0.002   0.002    1    0    0    0          11         11         11         11  GET /api/bench/start HTTP/1.1
    1   0.010   0.0100   0.0000   0.010   0.010   0.010   0.010   0.010   0.010    1    0    0    0          10         10         10         10  GET /api/bench/stop HTTP/1.1
    1  15.325  15.3250   0.0000  15.325  15.325  15.325  15.325  15.325  15.325    1    0    0    0          38         38         38         38  POST /initialize HTTP/1.1
    1   0.005   0.0050   0.0000   0.005   0.005   0.005   0.005   0.005   0.005    1    0    0    0          38         38         38         38  POST /api/logout HTTP/1.1
    1   0.000   0.0000   0.0000   0.000   0.000   0.000   0.000   0.000   0.000    1    0    0    0        1165       1165       1165       1165  GET / HTTP/1.1

Top 20 Sort By Total
Count   Total     Mean   Stddev     Min   P50.0   P90.0   P95.0   P99.0     Max  2xx  3xx  4xx  5xx  TotalBytes   MinBytes  MeanBytes   MaxBytes  Request
  328  85.909   0.2619   0.0573   0.080   0.258   0.345   0.359   0.384   0.415  321    0    7    0     3163082          0       9643      20447  GET /api/playlist/{id}
  306  81.869   0.2675   0.0562   0.180   0.259   0.351   0.370   0.404   0.421  304    0    2    0     3064254          0      10013      20602  POST /api/playlist/{id}/favorite
   53  67.596   1.2754   0.3669   0.013   1.265   1.804   1.869   1.939   1.939   51    0    2    0      157885         68       2978      21465  GET /api/playlists HTTP/1.1
   50  34.537   0.6907   0.1274   0.489   0.677   0.844   1.003   1.092   1.092   50    0    0    0     1980649      39552      39612      39676  GET /api/recent_playlists HTTP/1.1
   17  29.830   1.7547   0.8542   0.459   1.617   3.092   3.244   3.244   3.244   15    0    2    0      121743          0       7161      18539  POST /api/playlist/{id}/update
    1  15.325  15.3250   0.0000  15.325  15.325  15.325  15.325  15.325  15.325    1    0    0    0          38         38         38         38  POST /initialize HTTP/1.1
    6   9.404   1.5673   0.2694   1.213   1.712   1.970   1.970   1.970   1.970    6    0    0    0      238618      39756      39769      39779  GET /api/popular_playlists HTTP/1.1
   17   2.646   0.1556   0.3360   0.005   0.006   0.878   1.201   1.201   1.201   17    0    0    0        1479         87         87         87  POST /api/playlist/add HTTP/1.1
   51   1.236   0.0242   0.0449   0.006   0.010   0.033   0.136   0.259   0.259   32    0   19    0        2812         38         55         84  POST /api/login HTTP/1.1
    1   0.305   0.3050   0.0000   0.305   0.305   0.305   0.305   0.305   0.305    1    0    0    0          38         38         38         38  POST /api/playlist/{id}/delete
    2   0.291   0.1455   0.0035   0.142   0.149   0.149   0.149   0.149   0.149    2    0    0    0          76         38         38         38  POST /api/signup HTTP/1.1
    2   0.023   0.0115   0.0045   0.007   0.016   0.016   0.016   0.016   0.016    2    0    0    0         387        193        193        194  POST /api/admin/user/ban HTTP/1.1
    1   0.010   0.0100   0.0000   0.010   0.010   0.010   0.010   0.010   0.010    1    0    0    0          10         10         10         10  GET /api/bench/stop HTTP/1.1
    1   0.005   0.0050   0.0000   0.005   0.005   0.005   0.005   0.005   0.005    1    0    0    0          38         38         38         38  POST /api/logout HTTP/1.1
    1   0.002   0.0020   0.0000   0.002   0.002   0.002   0.002   0.002   0.002    1    0    0    0          11         11         11         11  GET /api/bench/start HTTP/1.1
    1   0.000   0.0000   0.0000   0.000   0.000   0.000   0.000   0.000   0.000    1    0    0    0        1165       1165       1165       1165  GET / HTTP/1.1

Top 20 Sort By Mean
Count   Total     Mean   Stddev     Min   P50.0   P90.0   P95.0   P99.0     Max  2xx  3xx  4xx  5xx  TotalBytes   MinBytes  MeanBytes   MaxBytes  Request
    1  15.325  15.3250   0.0000  15.325  15.325  15.325  15.325  15.325  15.325    1    0    0    0          38         38         38         38  POST /initialize HTTP/1.1
   17  29.830   1.7547   0.8542   0.459   1.617   3.092   3.244   3.244   3.244   15    0    2    0      121743          0       7161      18539  POST /api/playlist/{id}/update
    6   9.404   1.5673   0.2694   1.213   1.712   1.970   1.970   1.970   1.970    6    0    0    0      238618      39756      39769      39779  GET /api/popular_playlists HTTP/1.1
   53  67.596   1.2754   0.3669   0.013   1.265   1.804   1.869   1.939   1.939   51    0    2    0      157885         68       2978      21465  GET /api/playlists HTTP/1.1
   50  34.537   0.6907   0.1274   0.489   0.677   0.844   1.003   1.092   1.092   50    0    0    0     1980649      39552      39612      39676  GET /api/recent_playlists HTTP/1.1
    1   0.305   0.3050   0.0000   0.305   0.305   0.305   0.305   0.305   0.305    1    0    0    0          38         38         38         38  POST /api/playlist/{id}/delete
  306  81.869   0.2675   0.0562   0.180   0.259   0.351   0.370   0.404   0.421  304    0    2    0     3064254          0      10013      20602  POST /api/playlist/{id}/favorite
  328  85.909   0.2619   0.0573   0.080   0.258   0.345   0.359   0.384   0.415  321    0    7    0     3163082          0       9643      20447  GET /api/playlist/{id}
   17   2.646   0.1556   0.3360   0.005   0.006   0.878   1.201   1.201   1.201   17    0    0    0        1479         87         87         87  POST /api/playlist/add HTTP/1.1
    2   0.291   0.1455   0.0035   0.142   0.149   0.149   0.149   0.149   0.149    2    0    0    0          76         38         38         38  POST /api/signup HTTP/1.1
   51   1.236   0.0242   0.0449   0.006   0.010   0.033   0.136   0.259   0.259   32    0   19    0        2812         38         55         84  POST /api/login HTTP/1.1
    2   0.023   0.0115   0.0045   0.007   0.016   0.016   0.016   0.016   0.016    2    0    0    0         387        193        193        194  POST /api/admin/user/ban HTTP/1.1
    1   0.010   0.0100   0.0000   0.010   0.010   0.010   0.010   0.010   0.010    1    0    0    0          10         10         10         10  GET /api/bench/stop HTTP/1.1
    1   0.005   0.0050   0.0000   0.005   0.005   0.005   0.005   0.005   0.005    1    0    0    0          38         38         38         38  POST /api/logout HTTP/1.1
    1   0.002   0.0020   0.0000   0.002   0.002   0.002   0.002   0.002   0.002    1    0    0    0          11         11         11         11  GET /api/bench/start HTTP/1.1
    1   0.000   0.0000   0.0000   0.000   0.000   0.000   0.000   0.000   0.000    1    0    0    0        1165       1165       1165       1165  GET / HTTP/1.1

Top 20 Sort By Standard Deviation
Count   Total     Mean   Stddev     Min   P50.0   P90.0   P95.0   P99.0     Max  2xx  3xx  4xx  5xx  TotalBytes   MinBytes  MeanBytes   MaxBytes  Request
   17  29.830   1.7547   0.8542   0.459   1.617   3.092   3.244   3.244   3.244   15    0    2    0      121743          0       7161      18539  POST /api/playlist/{id}/update
   53  67.596   1.2754   0.3669   0.013   1.265   1.804   1.869   1.939   1.939   51    0    2    0      157885         68       2978      21465  GET /api/playlists HTTP/1.1
   17   2.646   0.1556   0.3360   0.005   0.006   0.878   1.201   1.201   1.201   17    0    0    0        1479         87         87         87  POST /api/playlist/add HTTP/1.1
    6   9.404   1.5673   0.2694   1.213   1.712   1.970   1.970   1.970   1.970    6    0    0    0      238618      39756      39769      39779  GET /api/popular_playlists HTTP/1.1
   50  34.537   0.6907   0.1274   0.489   0.677   0.844   1.003   1.092   1.092   50    0    0    0     1980649      39552      39612      39676  GET /api/recent_playlists HTTP/1.1
  328  85.909   0.2619   0.0573   0.080   0.258   0.345   0.359   0.384   0.415  321    0    7    0     3163082          0       9643      20447  GET /api/playlist/{id}
  306  81.869   0.2675   0.0562   0.180   0.259   0.351   0.370   0.404   0.421  304    0    2    0     3064254          0      10013      20602  POST /api/playlist/{id}/favorite
   51   1.236   0.0242   0.0449   0.006   0.010   0.033   0.136   0.259   0.259   32    0   19    0        2812         38         55         84  POST /api/login HTTP/1.1
    2   0.023   0.0115   0.0045   0.007   0.016   0.016   0.016   0.016   0.016    2    0    0    0         387        193        193        194  POST /api/admin/user/ban HTTP/1.1
    2   0.291   0.1455   0.0035   0.142   0.149   0.149   0.149   0.149   0.149    2    0    0    0          76         38         38         38  POST /api/signup HTTP/1.1
    1  15.325  15.3250   0.0000  15.325  15.325  15.325  15.325  15.325  15.325    1    0    0    0          38         38         38         38  POST /initialize HTTP/1.1
    1   0.305   0.3050   0.0000   0.305   0.305   0.305   0.305   0.305   0.305    1    0    0    0          38         38         38         38  POST /api/playlist/{id}/delete
    1   0.010   0.0100   0.0000   0.010   0.010   0.010   0.010   0.010   0.010    1    0    0    0          10         10         10         10  GET /api/bench/stop HTTP/1.1
    1   0.005   0.0050   0.0000   0.005   0.005   0.005   0.005   0.005   0.005    1    0    0    0          38         38         38         38  POST /api/logout HTTP/1.1
    1   0.002   0.0020   0.0000   0.002   0.002   0.002   0.002   0.002   0.002    1    0    0    0          11         11         11         11  GET /api/bench/start HTTP/1.1
    1   0.000   0.0000   0.0000   0.000   0.000   0.000   0.000   0.000   0.000    1    0    0    0        1165       1165       1165       1165  GET / HTTP/1.1

Top 20 Sort By Maximum(100 Percentile)
Count   Total     Mean   Stddev     Min   P50.0   P90.0   P95.0   P99.0     Max  2xx  3xx  4xx  5xx  TotalBytes   MinBytes  MeanBytes   MaxBytes  Request
    1  15.325  15.3250   0.0000  15.325  15.325  15.325  15.325  15.325  15.325    1    0    0    0          38         38         38         38  POST /initialize HTTP/1.1
   17  29.830   1.7547   0.8542   0.459   1.617   3.092   3.244   3.244   3.244   15    0    2    0      121743          0       7161      18539  POST /api/playlist/{id}/update
    6   9.404   1.5673   0.2694   1.213   1.712   1.970   1.970   1.970   1.970    6    0    0    0      238618      39756      39769      39779  GET /api/popular_playlists HTTP/1.1
   53  67.596   1.2754   0.3669   0.013   1.265   1.804   1.869   1.939   1.939   51    0    2    0      157885         68       2978      21465  GET /api/playlists HTTP/1.1
   17   2.646   0.1556   0.3360   0.005   0.006   0.878   1.201   1.201   1.201   17    0    0    0        1479         87         87         87  POST /api/playlist/add HTTP/1.1
   50  34.537   0.6907   0.1274   0.489   0.677   0.844   1.003   1.092   1.092   50    0    0    0     1980649      39552      39612      39676  GET /api/recent_playlists HTTP/1.1
  306  81.869   0.2675   0.0562   0.180   0.259   0.351   0.370   0.404   0.421  304    0    2    0     3064254          0      10013      20602  POST /api/playlist/{id}/favorite
  328  85.909   0.2619   0.0573   0.080   0.258   0.345   0.359   0.384   0.415  321    0    7    0     3163082          0       9643      20447  GET /api/playlist/{id}
    1   0.305   0.3050   0.0000   0.305   0.305   0.305   0.305   0.305   0.305    1    0    0    0          38         38         38         38  POST /api/playlist/{id}/delete
   51   1.236   0.0242   0.0449   0.006   0.010   0.033   0.136   0.259   0.259   32    0   19    0        2812         38         55         84  POST /api/login HTTP/1.1
    2   0.291   0.1455   0.0035   0.142   0.149   0.149   0.149   0.149   0.149    2    0    0    0          76         38         38         38  POST /api/signup HTTP/1.1
    2   0.023   0.0115   0.0045   0.007   0.016   0.016   0.016   0.016   0.016    2    0    0    0         387        193        193        194  POST /api/admin/user/ban HTTP/1.1
    1   0.010   0.0100   0.0000   0.010   0.010   0.010   0.010   0.010   0.010    1    0    0    0          10         10         10         10  GET /api/bench/stop HTTP/1.1
    1   0.005   0.0050   0.0000   0.005   0.005   0.005   0.005   0.005   0.005    1    0    0    0          38         38         38         38  POST /api/logout HTTP/1.1
    1   0.002   0.0020   0.0000   0.002   0.002   0.002   0.002   0.002   0.002    1    0    0    0          11         11         11         11  GET /api/bench/start HTTP/1.1
    1   0.000   0.0000   0.0000   0.000   0.000   0.000   0.000   0.000   0.000    1    0    0    0        1165       1165       1165       1165  GET / HTTP/1.1

TOP 37 Slow Requests
 1  15.325  POST /initialize HTTP/1.1
 2   3.244  POST /api/playlist/01G4GYFJC1TZ06ZBKVXV8FD389/update HTTP/1.1
 3   3.092  POST /api/playlist/01G4GYEP4CCZMAWBDD9253XK1Q/update HTTP/1.1
 4   2.961  POST /api/playlist/01G4GYF0GE0KBA43HFNJWQR8FE/update HTTP/1.1
 5   2.712  POST /api/playlist/01G4GYFKSFSHB8DV957CJQ2AV5/update HTTP/1.1
 6   2.387  POST /api/playlist/01G4GYECD9F4M2XF678KCXFBRE/update HTTP/1.1
 7   2.272  POST /api/playlist/01G4GYE5NES8Z4AS8C0W7YK6MA/update HTTP/1.1
 8   1.970  GET /api/popular_playlists HTTP/1.1
 9   1.939  GET /api/playlists HTTP/1.1
10   1.903  GET /api/playlists HTTP/1.1
11   1.898  POST /api/playlist/01G4GYF3PMSP1HSPYDN3J8H2HR/update HTTP/1.1
12   1.869  GET /api/playlists HTTP/1.1
13   1.856  GET /api/playlists HTTP/1.1
14   1.850  GET /api/playlists HTTP/1.1
15   1.804  GET /api/playlists HTTP/1.1
16   1.783  GET /api/playlists HTTP/1.1
17   1.779  GET /api/popular_playlists HTTP/1.1
18   1.712  GET /api/popular_playlists HTTP/1.1
19   1.698  POST /api/playlist/01G4GYF8276TKD1K5FWK76W0G8/update HTTP/1.1
20   1.630  GET /api/playlists HTTP/1.1
21   1.617  POST /api/playlist/01G4GYEKC3DR8MWXXNFVG9QM7P/update HTTP/1.1
22   1.563  GET /api/playlists HTTP/1.1
23   1.563  GET /api/playlists HTTP/1.1
24   1.563  GET /api/playlists HTTP/1.1
25   1.559  GET /api/playlists HTTP/1.1
26   1.501  GET /api/playlists HTTP/1.1
27   1.485  GET /api/playlists HTTP/1.1
28   1.476  POST /api/playlist/01G4GYFEG81QRVBXEMQRMH8BFG/update HTTP/1.1
29   1.444  GET /api/playlists HTTP/1.1
30   1.427  GET /api/playlists HTTP/1.1
31   1.408  GET /api/playlists HTTP/1.1
32   1.368  GET /api/popular_playlists HTTP/1.1
33   1.365  GET /api/playlists HTTP/1.1
34   1.362  GET /api/popular_playlists HTTP/1.1
35   1.328  GET /api/playlists HTTP/1.1
36   1.310  GET /api/playlists HTTP/1.1
37   1.309  GET /api/playlists HTTP/1.1
